10 0.15990159901599016 35.33231544551343 107.79607245026587 
12 11.885274953759822 24.21365909447656 99.80711762892733 
14 10.97462118814651 13.4637764086395 66.52398015183071 
16 7.094166253803685 11.190508546540322 71.79784074967844 
18 8.169550065873691 1.7779886885717198 54.78043796885659 
20 13.895172156253622 4.072640627606863 65.45713323984785 
22 9.741172082988633 4.0693332467319046 31.656030661975116 
24 20.77337634535338 0.0 37.43905350969176 
26 30.691364994816333 0.435831457060148 35.812264969115255 
28 19.628582347070395 0.8069247497915526 26.779146629362806 
30 24.74810658008689 5.5043390279797055 32.11131935152797 
32 40.693298613668716 0.028646455001193605 34.35626689717467 
34 42.218784277264334 0.0 48.29951912796072 
36 36.279660453029564 0.7038294882304721 30.851168126047497 
38 35.076740334595634 0.0 33.17465515105746 
40 39.78675967926231 1.1692002919579392 21.005358053156147 
42 48.1027082840761 0.0 33.70626690485136 
44 46.89352356131299 1.758251668836729 27.90203600009919 
46 37.3881226531719 0.8422290573548038 18.307148634780926 
48 53.582456735200466 0.0 32.78628263502335 
