10 0.0 30.958757364756295 95.71505088377076 
12 0.0 67.5761421319797 161.86548223350255 
14 20.773344302756065 0.0 113.41011929247225 
16 0.0 10.676341020989893 56.905934179839335 
18 4.6829486892224965 0.8738516692807529 0.0 
20 0.0 13.933138882656495 19.183307157280684 
22 41.3887506222001 0.0 47.51119960179194 
24 9.81774415405777 0.0 24.260660247592845 
26 1.8759379689844924 0.0 12.618809404702352 
28 17.408628744160485 19.675735092058257 0.0 
30 84.76370510396976 0.0 72.60869565217392 
32 16.008963027511516 0.0 27.77293663637495 
34 21.681901279707496 1.6575258988421695 0.0 
36 38.10947861136393 0.0 43.8824600182031 
38 56.79442508710801 0.0 33.37481333997013 
40 22.60167347733022 0.0 28.24479470714147 
42 36.39161377187921 0.0 20.638584343142913 
44 28.666182082500452 0.0 20.97946574595675 
46 37.36463736463737 0.0 43.96214396214396 
48 61.39570116466244 0.0 39.06827005018464 
