1 49384 611.3800057620282
4 49195 608.6574474214924
10 45997 562.5900316911552
14 44368 539.1241717084414
15 43501 526.6349755113799
17 42525 512.5756266205705
18 41709 500.8210890233362
25 39324 466.46499567847883
29 39067 462.76289253817345
35 37175 435.50849899164507
43 35696 414.203399596658
44 33896 388.27427254393547
45 33796 386.8337654854509
46 33666 384.9611063094209
48 32165 363.3390953615673
49 30723 342.56698357821955
50 29338 322.615960818208
52 28457 309.9250936329588
53 28451 309.83866320944975
55 27521 296.44194756554305
56 27446 295.36156727167963
58 26773 285.66695476807837
59 25930 273.5234802650533
60 25908 273.2065687121867
62 25833 272.12618841832324
66 25756 271.0169979832901
68 25245 263.6560069144339
69 24442 252.08873523480264
70 24426 251.85825410544513
75 23789 242.6822241428983
80 23536 239.0377412849323
81 23254 234.97551138000574
84 23041 231.90723134543362
85 22969 230.8700662633247
88 22567 225.07922788821665
89 22556 224.92077211178335
90 22464 223.59550561797752
92 22343 221.8524920772112
95 22242 220.39757994814173
96 22063 217.8190723134543
99 21694 212.50360126764622
100 21647 211.82656295015846
101 21284 206.59752232785942
103 21042 203.1114952463267
104 21030 202.93863439930857
105 20975 202.146355517142
106 20961 201.94468452895418
108 20730 198.6171132238548
109 20475 194.9438202247191
113 20304 192.48055315471046
114 20178 190.66551426101987
116 20171 190.56467876692597
118 20040 188.67761452031115
119 20005 188.17343704984154
125 19811 185.37885335638146
126 19716 184.01037165082107
128 19482 180.63958513396716
129 19471 180.48112935753383
131 19187 176.39008931143763
132 18995 173.62431575914724
133 18973 173.3074042062806
135 18734 169.86459233650243
137 18684 169.14433880726017
140 18616 168.16479400749066
142 18557 167.31489484298473
143 18556 167.30048977239989
144 18452 165.80236243157592
145 18143 161.35119562085853
147 17909 157.98040910400462
149 17789 156.2518006338231
150 17523 152.4200518582541
155 17395 150.57620282339383
157 17267 148.73235378853354
158 17233 148.2425813886488
163 17171 147.34946701238835
166 17035 145.39037741284932
167 16930 143.8778450014405
168 16897 143.40247767214058
171 16878 143.12878133102853
172 16857 142.82627484874675
173 16740 141.1408815903198
174 16635 139.62834917891098
176 16596 139.06655142610197
180 16579 138.8216652261596
181 16436 136.76174013252665
183 16433 136.71852492077213
187 16338 135.35004321521177
189 16162 132.8147507922789
192 16146 132.58426966292134
193 16061 131.35983866320947
194 16053 131.24459809853067
196 16046 131.14376260443677
198 16044 131.1149524632671
204 15923 129.3719389225007
208 15922 129.3575338519159
209 15915 129.25669835782196
211 15838 128.1475079227888
212 15741 126.75021607605876
213 15697 126.11639297032555
215 15686 125.95793719389225
216 15592 124.60386055891675
217 15585 124.50302506482282
218 15499 123.26418899452607
219 15487 123.09132814750792
222 15474 122.90406222990494
224 15467 122.80322673581101
227 15240 119.53327571305098
228 14812 113.36790550273696
234 14794 113.10861423220975
237 14784 112.96456352636129
246 14639 110.87582829155862
252 14622 110.63094209161626
253 14564 109.79544799769518
255 14503 108.91673869201959
257 14427 107.8219533275713
260 14410 107.57706712762894
267 14353 106.75597810429271
272 14279 105.69000288101411
273 14267 105.51714203399595
274 14242 105.15701526937482
275 14226 104.9265341400173
279 14209 104.68164794007491
281 14009 101.80063382310574
283 13988 101.49812734082397
284 13980 101.3828867761452
287 13965 101.16681071737253
292 13936 100.74906367041199
299 13882 99.97118985883031
302 13865 99.72630365888793
303 13858 99.625468164794
305 13841 99.38058196485163
306 13734 97.83923941227312
314 13703 97.3926822241429
317 13663 96.81647940074907
320 13527 94.85738980121002
324 13518 94.72774416594642
325 13508 94.58369346009795
327 13460 93.89225007202535
328 13432 93.48890809564966
332 13425 93.38807260155575
339 13404 93.08556611927399
340 13349 92.29328723710746
341 13348 92.2788821665226
342 13345 92.23566695476808
343 13334 92.07721117833478
344 13279 91.28493229616825
352 13270 91.15528666090464
354 13231 90.59348890809565
357 13207 90.24776721405935
358 13179 89.84442523768367
359 13158 89.54191875540191
366 13148 89.39786804955344
367 13121 89.00893114376261
372 13118 88.96571593200807
374 13044 87.89974070872947
390 13034 87.75569000288101
391 13033 87.74128493229617
392 13024 87.61163929703255
395 12947 86.50244886199943
403 12928 86.22875252088735
418 12922 86.14232209737828
419 12754 83.72227023912417
436 12703 82.98761163929703
447 12649 82.20973782771536
448 12622 81.82080092192452
451 12531 80.50993949870355
453 12485 79.84730625180063
454 12435 79.12705272255835
455 12411 78.78133102852203
456 12394 78.53644482857966
458 12387 78.43560933448573
459 12372 78.21953327571305
464 12301 77.19677326418899
469 12038 73.40823970037454
476 11970 72.42869490060502
478 11887 71.23307404206281
479 11858 70.81532699510228
484 11752 69.28838951310861
486 11601 67.11322385479689
487 11567 66.62345145491213
489 11543 66.27772976087583
492 11415 64.43388072601556
494 11379 63.91529818496111
511 11329 63.19504465571881
517 11323 63.10861423220974
526 11315 62.993373667530975
527 11312 62.95015845577643
528 11279 62.47479112647652
532 11270 62.345145491212904
545 11266 62.28752520887353
547 11261 62.2154998559493
549 11258 62.172284644194754
550 11253 62.10025929127053
553 11247 62.013828867761454
554 11246 61.99942379717661
555 11210 61.480841256122154
569 11151 60.63094209161625
603 11146 60.55891673869201
606 11119 60.16997983290118
617 11091 59.76663785652549
624 11081 59.62258715067704
629 11023 58.78709305675598
639 11019 58.72947277441659
681 11010 58.599827139152985
695 11007 58.55661192739845
703 10984 58.225295303946986
706 10974 58.081244598098536
736 10970 58.02362431575915
737 10945 57.663497551138
740 10944 57.64909248055316
814 10913 57.20253529242293
842 10869 56.568712186689716
861 10848 56.26620570440796
865 10813 55.762028233938345
868 10741 54.72486315182944
960 10739 54.69605301065975
962 10735 54.638432728320375
966 10722 54.451166810717375
970 10712 54.30711610486891
1004 10700 54.13425525785076
1011 10690 53.99020455200231
1012 10681 53.86055891673869
1020 10678 53.817343704984154
1031 10661 53.57245750504177
1036 10650 53.414001728608476
1095 10582 52.43445692883895
1110 10517 51.49812734082397
1114 10510 51.397291846730056
1119 10499 51.23883607029674
1176 10497 51.210025929127056
1179 10486 51.05157015269375
1195 10472 50.849899164505906
1218 10465 50.749063670411985
1223 10439 50.37453183520599
1231 10437 50.34572169403631
1237 10427 50.20167098818784
1238 10426 50.187265917603
1239 10390 49.66868337654854
1240 10363 49.27974647075771
1241 10357 49.19331604724863
1263 10351 49.10688562373956
1266 10347 49.04926534140017
1299 10344 49.00605012964564
1307 10338 48.91961970613656
1310 10327 48.76116392970326
1326 10307 48.47306251800634
1349 10301 48.38663209449726
1363 10252 47.680783635839816
1383 10245 47.579948141745895
1387 10193 46.83088447133391
1435 10187 46.74445404782483
1535 10156 46.29789685969462
1577 10145 46.1394410832613
1578 10132 45.95217516565831
1579 10131 45.93777009507347
1582 10108 45.60645347162201
1591 10072 45.08787093056756
1594 10071 45.07346585998271
1595 10058 44.88619994237972
1597 10049 44.756554307116104
1598 10021 44.35321233074042
1611 10020 44.338807260155576
1612 10016 44.28118697781619
1615 10007 44.151541342552584
1616 10006 44.137136271967734
1618 9998 44.02189570728897
1620 9970 43.618553730913284
1623 9967 43.57533851915875
1634 9963 43.517718236819356
1809 9948 43.30164217804667
1841 9912 42.78305963699222
1846 9910 42.75424949582253
1849 9890 42.46614808412561
1850 9844 41.80351483722271
1870 9835 41.67386920195909
1881 9832 41.63065399020455
1882 9829 41.587438778450014
1883 9823 41.501008354940936
1884 9808 41.28493229616825
1887 9801 41.184096802074336
1888 9786 40.96802074330164
1933 9762 40.622299049265344
1935 9720 40.017286084701816
1945 9716 39.95966580236243
1955 9672 39.325842696629216
1956 9589 38.13022183808701
2099 9566 37.79890521463555
2103 9553 37.61163929703255
2104 9542 37.453183520599254
2107 9539 37.40996830884472
2114 9531 37.29472774416595
2115 9527 37.23710746182656
2116 9522 37.16508210890233
2117 9498 36.81936041486603
2293 9477 36.51685393258427
2296 9475 36.488043791414576
2305 9473 36.45923365024489
2328 9465 36.34399308556612
2408 9460 36.27196773264189
2419 9452 36.15672716796312
2444 9437 35.94065110919043
2446 9424 35.75338519158744
2447 9410 35.5517142033996
2558 9407 35.50849899164506
2611 9402 35.43647363872083
2765 9388 35.234802650532984
2770 9349 34.673004897724
2774 9291 33.83751080380294
2776 9276 33.62143474503025
2777 9264 33.4485738980121
2778 9240 33.1028522039758
2790 9169 32.080092192451744
2792 9111 31.244598098530684
2796 9105 31.15816767502161
2797 9093 30.985306828003456
2800 9088 30.91328147507923
2801 9071 30.668395275136852
2804 9049 30.35148372227024
2806 8984 29.415154134255257
2809 8970 29.213483146067414
2810 8934 28.69490060501296
2812 8918 28.46441947565543
2827 8896 28.147507922788822
2835 8890 28.061077499279747
2839 8878 27.888216652261594
2922 8874 27.830596369922212
2930 8862 27.657735522904066
2932 8850 27.484874675885912
2934 8838 27.31201382886776
2937 8823 27.095937770095073
3149 8771 26.346874099683088
3154 8761 26.202823393834628
3158 8713 25.511380005762028
3160 8592 23.768366464995676
3198 8566 23.393834629789687
3200 8545 23.091328147507923
3203 8522 22.760011524056466
3204 8514 22.6447709593777
3271 8496 22.385479688850477
3280 8438 21.549985594929417